314614765
361762970
685937898
757744298
12018942
509600312
786933571
338561040
629005989
568610883
324149502
299391857
934506752
187755085
548165180
257572545
123862211
345362006
603980083
755213056
671028997
311870029
281433952
276391633
915635438
550935834
1957364
465642398
852319052
339130094
164344773
31252500
782301872
706673519
831146095
100439005
947294475
188638396
880903900
497531355
178328949
241409149
851752126
76292929
83927346
594153344
825143621
901295120
691383872
42150978
181525527
358356807
89684087
724332835
842416323
158431782
608553064
920690241
716375722
903086379
914908477
574143860
527859841
127851877
875202967
351474154
206208975
362282838
153623430
110295953
707002006
575302217
672895052
729444909
143559665
78976383
624869549
140257668
260391867
910311437
586230289
298183491
815378049
174661989
159433493
599688577
770163873
46641083
939795609
449542230
189852278
998204773
44977060
809020731
421394806
56877475
694022118
972749853
819354788
908404253
623586199
747733636
218726441
594401996
927122071
912342755
941540877
798365324
932896024
420626652
191990399
171152301
843846062
492672982
593683643
557457294
534909001
825352572
668991664
989834796
971806445
480386697
724169692
604745299
954567847
534731438
21442840
932972750
602916342
501680919
98062584
426348148
803836270
408312693
404563884
593965149
380704035
899398070
459280875
443425255
337537161
239865494
978548174
325870101
890734268
107417427
495772232
801757002
575962322
134637219
737824508
320161468
981721438
263801278
478142441
777371360
56868930
858124049
486241288
6827333
569883263
977058115
349493466
668586055
823620617
71204572
421608285
77503945
452504529
408281167
173598053
400567776
282652178
783084384
46098153
988740949
212480166
234380771
249981838
343826759
512139012
677111675
391626882
916945316
174595082
864895528
509845848
797875972
593182090
868209352
154620225
391488245
84736471
167019813
797001540
335081348
378905947
727264009
32441585
474195712
697559309
477829970
778919993
476414902
947977821
349581800
990734267
266959094
846614891
296988748
351609611
46624880
944504931
841872728
148201081
770731583
156322256
51294550
77772814
312560310
282464344
40578464
51389550
711738594
2976631
553037511
159417197
521169671
411451700
461916551
477883829
504028184
488415474
206957279
575098479
708266410
560318861
29724915
280523658
625058681
146999931
247134240
864525587
603650074
904808867
622162266
405207659
995888475
891811262
210241606
192318061
124672861
375756625
943765864
450117417
214770342
966839023
910622303
521312587
633810252
665641696
874768305
868063816
845885298
626646412
763366467
230355118
880660091
824153129
921633965
807470512
782451724
300551481
490125075
689599541
101854778
737457181
611782979
743908236
9217647
149817544
633322888
333952935
748902908
226174852
695808778
215942874
291991682
563637466
195403229
16822759
249868259
922102
583926013
516588573
120077728
872168873
62942098
442640460
165502767
732708692
993328064
116757186
844318545
345659364
639995615
288326959
871142148
395702605
295653337
686293433
119877030
392241928
787145629
861463345
68247458
327890442
722842211
119324608
546736833
748718908
570556836
700433077
518660842
863554228
459463747
341566962
661477226
614887375
133261759
487743547
978634195
587202887
722656189
196511033
276194989
700103079
309011044
416698962
426296651
446462405
223273825
978092097
892707533
950904914
815680618
179314772
474247819
381215171
785881863
574761908
679150414
346892816
242097212
487861780
826102808
226032215
302217357
864689485
491446875
387411796
920817282
866691749
755261213
452059455
587174099
393391472
364753723
739553825
137490573
805454802
352789628
704766170
510381825
867946480
815277605
713281811
747836037
32874505
862527922
637795350
347928999
127846765
245051804
176522366
768224307
726809114
684941053
363311195
921578074
764543826
459697689
133736196
945332856
359248131
698366891
927351428
405840294
205808746
532292059
788339931
514770472
775969418
970279638
34622047
568000435
956089017
559243239
883524039
479625086
904793858
228993510
826295400
733180109
370837471
926017120
288052844
53695517
449659522
507737667
621923030
932098027
31670615
38409517
925082577
61220709
223511788
339281583
517544610
303209358
479198302
481368293
742153384
444153361
380422921
510280716
502159344
639444466
655233999
9697764
317203997
556642985
319707914
210855911
453725714
472700882
198855845
362443702
14497838
666269689
766744448
469300743
290966339
801827869
187247222
35010717
650374385
723560157
153672895
102076585
31831535
823067153
589266661
957018771
936053266
363761313
477661089
49327885
859210492
242699290
475648177
456165396
901665157
58944005
784274406
822930133
546344775
79623109
416294953
797665229
488213513
278494922
562274259
213520697
698239211
412241797
14266492
777714265
628434617
329616224
779480427
172220263
56561655
911058807
143721241
355517093
624957678
921140619
304759666
539572549
862422190
295463333
264574794
591826864
181889190
588178389
967586576
377175522
918292588
729806382
881714234
752081244
90714603
211185086
883083227
64201734
332896127
50992239
886360412
85059063
577351477
225715498
942892109
786031604
51236554
460649685
863737511
705487880
478630529
173135625
772289451
415511099
13752239
553963365
717414584
559474098
739456692
190781360
603633438
25880508
85531325
115716068
909177310
320574632
196560203
491135329
26821027
682956498
327098979
53721359
815191543
522832775
339903153
968203548
630132108
217710550
532274132
413730416
379806362
38863581
208356988
535012787
798057908
41859486
107643699
86081624
961317543
724037486
681015913
945857014
172867978
635041491
676032806
653856559
375304819
143233611
331557142
929363243
593544802
843488708
157021554
998743335
968895547
652580487
330219493
348164284
31962999
322958250
271751131
316244723
268580180
175247839
503175232
255126557
121155453
991258939
692778100
61768081
143368139
87617421
369135344
401063612
863663544
196057506
594183463
787371404
597247279
191432587
61507419
694920271
244005072
75027716
3281246
718444509
864478881
661585993
945212971
388246968
209161781
134661273
704548167
436078051
388327828
840644802
955673798
885329046
590374263
855029863
373820299
828171196
892306104
905185892
769670456
862378580
908211162
280924411
954975833
65587517
83405514
698856615
214130036
325676266
739869469
938475981
346936645
886521647
486962696
648760873
331427419
392552883
584745226
450366755
27473068
875591656
438488991
860656588
766608202
288315484
848236163
243763176
662564109
815903222
43329549
148759521
288494164
940036947
192288833
443508666
528170908
186066172
639015495
276877067
798676841
23756599
11136978
348930199
190850528
618938290
131893709
274814837
722880080
408998340
748339912
313341000
718528463
522483009
651251556
868464096
622251354
87340264
515282683
727003555
235442767
656936906
990813571
556374496
918222337
85363767
459582295
111905344
283741853
184442644
812820896
867378959
139448927
779719919
622070193
852926661
89772618
399647697
431261500
47787026
83644293
232041594
124835282
234989647
213716902
790592937
469578604
931188065
251662793
714490332
468751902
138157085
702112852
201122585
341486376
234046496
568931870
719506047
400099785
556937383
895973974
974220838
674181136
832053279
170932237
51191402
179878424
647488399
573118637
809166922
805624025
530175056
752849537
78983515
644922579
675002808
87229946
440394170
955118702
642468328
12646407
520558668
394364671
821537593
579639278
620685268
25953444
618343817
496939187
623187917
499377222
243145839
944068943
472762363
453907111
98684816
199573935
611289035
566406621
853371976
584511291
697976022
301458983
668985100
995174054
824679891
716499559
802853379
673322233
482282047
236176561
11213059
641309102
228854968
931238438
336504824
964645906
517808513
811529995
953112190
28391355
50155922
401642284
516060525
525481739
290293250
900868000
133777316
29794247
689931401
661632989
216196950
285681150
171177860
494246478
9646064
406871334
960616433
757620431
773334918
305507648
218658777
370752294
516453134
614260504
931585535
228898560
335544705
123131141
529495017
222206519
932497101
725685633
639677959
607521331
651347835
635712223
723426002
322276063
910882156
616932431
668473840
337058928
624102303
140240775
863457151
218646232
275130465
263555065
695110539
296460837
261927880
175331454
87706404
320936767
390148151
259859742
827927082
292072291
920516865
151362135
500036665
877123328
683769028
170983708
231824037
798073076
593808518
749539537
702112587
556947207
773676782
998156427
877006235
457362867
708019994
884155089
533678164
459720673
155820249
864836621
334579157
11101573
357346088
290314291
311790272
319782181
549835499
625000709
866297093
4618527
71388726
399772918
769916535
671381462
367814000
56427232
441863673
367679581
342486718
913152887
534034923
765201000
662351130
14617259
185225945
264917437
817717517
18039630
621111271
804082178
398326175
563860126
712114763
290152323
827823821
298020296
475713059
622184390
266593028
893939901
804847055
862591379
894096101
146178252
947106266
766839644
870092531
72435300
990284711
984566320
538129197
575647164
752361582
564714915
601910597
557312628
574801373
180177915
298659513
432279517
162164023
668800128
981539048
967519980
465374285
188148516
843987258
221945934
774208177
993988278
203180942
296409723
156101251
395524037
797770786
799496864
919649814
988522811
562438341
292169378
617379736
220721628
180750406
783613614
704193436
165367544
887535766
31759484
478170124
394783539
80244078
606503897
368684974
591427910
419808136
572792092
812573277
597665650
195591946
26499389
309791676
720752765
885055625
354192998
799854150
975602340
254640045
918198434
321154706
789351855
924830036
840960847
604868654
74820616
56290562
293664481
747338402
964040356
236513325
75206461
179086787
560175338
133006543
820222727
858255362
537511178
413410597